171
797
358
114
338
989
560
634
379
154
979
324
630
640
833
686
857
962
89
991
62
884
902
148
293
401
696
876
48
436
579
921
888
272
157
86
372
204
182
726
92
997
25
416
297
453
564
503
903
981
716
854
755
462
754
566
325
582
265
667
753
670
277
687
762
56
530
859
407
973
60
503
701
406
771
317
289
891
396
785
430
925
885
154
676
163
671
333
175
689
514
645
860
346
788
888
647
149
649
587
222
980
194
193
260
7
110
426
776
688
474
102
176
222
141
757
703
19
687
288
703
765
732
885
580
274
725
628
580
498
277
163
623
816
474
896
128
190
77
309
567
184
165
546
837
590
382
201
656
131
896
653
604
701
122
899
639
700
160
154
753
560
247
686
495
87
96
731
884
294
163
587
322
338
89
439
329
551
105
929
442
189
572
554
702
896
285
256
780
617
583
36
733
747
158
974
194
499
199
273
297
947
953
789
944
574
656
129
223
182
237
479
982
688
879
469
900
891
433
906
403
645
29
341
787
989
217
836
201
608
202
269
518
909
128
920
454
613
224
877
242
827
49
664
59
162
217
903
387
786
271
393
379
569
862
505
158
350
773
121
26
379
4
792
428
464
747
157
101
549
295
565
868
381
312
23
55
469
882
177
365
717
505
836
830
134
38
903
854
200
253
17
212
612
274
590
852
441
571
633
915
85
448
423
448
897
718
754
562
542
207
806
727
516
331
402
841
351
842
935
408
306
695
681
719
256
631
585
280
804
160
893
18
483
776
480
918
895
808
480
569
229
755
927
103
312
337
270
842
743
596
31
116
248
180
351
162
544
836
591
984
306
732
102
814
314
625
735
971
230
408
870
532
596
253
918
117
448
945
107
58
267
249
150
613
608
334
420
859
897
257
521
470
722
369
199
673
421
994
73
111
726
71
371
82
337
811
20
462
146
809
84
223
876
81
274
13
581
34
463
725
61
598
749
1000
986
431
545
517
821
53
258
298
288
321
281
552
735
967
74
644
413
119
434
758
332
970
886
71
763
474
327
966
20
492
92
66
846
602
445
746
801
278
540
611
717
701
849
42
407
344
196
148
288
424
854
459
376
628
733
87
714
127
319
383
686
335
250
83
515
384
918
714
302
958
189
217
578
548
477
244
108
189
246
477
932
309
660
688
150
802
796
842
618
842
59
675
813
351
48
347
999
735
520
195
719
658
281
770
914
442
815
153
101
310
632
861
964
495
60
165
289
880
564
439
266
867
270
240
639
587
892
826
46
547
369
450
609
550
297
296
186
515
843
307
986
556
687
317
843
434
72
101
442
776
718
517
488
353
364
385
467
755
646
831
830
132
751
121
858
708
936
706
475
434
455
396
914
795
377
603
483
706
388
860
789
908
685
436
116
215
155
417
424
40
811
41
610
592
219
48
208
30
757
185
959
145
644
557
619
347
691
190
710
645
428
745
313
864
644
234
85
895
829
613
21
246
909
574
308
30
658
675
676
365
11
944
974
924
595
467
697
747
87
317
415
389
865
105
318
111
825
777
190
106
515
959
798
296
97
857
852
758
932
898
729
143
703
808
459
813
968
379
158
854
661
999
58
374
826
712
212
588
43
586
196
308
577
350
375
366
100
349
266
762
252
796
611
981
590
829
46
761
83
731
250
73
90
1
90
906
533
136
981
111
361
277
62
655
174
929
710
59
549
13
765
870
220
258
838
647
929
375
231
879
854
490
981
233
222
635
807
668
326
246
399
646
663
736
172
896
890
842
670
969
156
755
469
417
482
690
739
515
203
104
432
165
371
616
785
882
714
949
109
321
725
412
285
39
496
201
71
275
475
559
842
997
472
329
5
807
988
17
585
736
256
74
543
672
972
746
897
103
66
354
683
451
881
522
939
993
175
859
816
247
651
817
211
748
545
9
883
557
602
221
176
849
858
943
902
435
751
133
981
76
933
848
27
255
598
717
998
777
120
82
354
517
947
706
485
461
936
782
688
691
29
986
380
470
423
28
392
336
68
874
376
866
867
255
154
50
294
800
372
551
451
214
735
116
724
516
318
923
566
430
804
212
145
785
795
501
446
35
264
169
97
611
259
681
173
831
971
95
509
666
807
525
507
227
414
737
442
484
690
798
629
553
478
511
317
432
192
56
416
500
788
732
636
951
286
632
749
705
512
931
292
262
462
860
460
784
224
520
545
863
972
7
472
90
903
282
505
827
798
987
73
921
83
398
125
475
289
617
949
601
554
633
577
11
38
915
215
108
155
286
139
556
171
53
786